num_items=17941
avg_seq_len=4.368070584318295
avg_basket_size=4.050878463356073
