num_items=23018
avg_seq_len=3.887418356823651
avg_basket_size=4.120705663881151
